#BLTrackFile VirtualDetector/ParyleneN_Foil
#x y z Px Py Pz t PDGid EventID TrackID ParentID Weight
#mm mm mm MeV/c MeV/c MeV/c ns - - - - -
-2.52749 -0.0273249 -1.0001 0.0245528 0.0835994 13.6472 0.913243 -2212 1 1 0 1
-2.40886 -1.0101 -0.9999 0.646691 0.145446 -12.6551 524.72 -2212 1 1 0 1
-0.194726 2.50358 -1.0001 0.0235799 -0.0729465 13.6114 0.913874 -2212 2 1 0 1
-0.835585 1.95193 -0.9999 0.848434 -0.398879 -12.517 529.614 -2212 2 1 0 1
1.83009 -0.655363 -1.0001 -0.132031 -0.00455824 13.6331 0.914258 -2212 3 1 0 1
2.3412 -0.278098 -0.9999 -0.710543 0.795206 -12.661 523.447 -2212 3 1 0 1
3.98957 0.964655 -1.0001 0.089817 0.139201 13.6481 0.914149 -2212 4 1 0 1
3.43303 0.465405 -0.9999 1.3993 -1.39573 -12.4419 530.216 -2212 4 1 0 1
-2.05151 -0.851179 -1.0001 0.0101003 -0.0475378 13.6219 0.913515 -2212 5 1 0 1
-1.55356 -1.6476 -0.9999 0.274202 0.892004 -12.6232 525.725 -2212 5 1 0 1
2.35247 5.84356 -1.0001 -0.0281306 0.12756 13.6579 0.913405 -2212 6 1 0 1
3.03369 5.08414 -0.9999 1.78803 1.92799 -12.3455 531.431 -2212 6 1 0 1
0.197962 5.82372 -1.0001 0.00131691 0.756616 13.6027 0.914464 -2212 7 1 0 1
-1.30565 8.03647 -0.9999 -2.77702 -0.972149 -12.091 541.083 -2212 7 1 0 1
4.52326 -1.16748 -1.0001 -0.11095 -0.00907989 13.6624 0.913948 -2212 8 1 0 1
4.10533 0.48611 -0.9999 -1.62143 -1.07076 -12.5707 524.855 -2212 8 1 0 1
-1.60859 -0.62944 -1.0001 -0.165501 0.277131 13.6677 0.914419 -2212 9 1 0 1
-1.77653 -1.96219 -0.9999 1.2943 0.165004 -12.7061 521.299 -2212 9 1 0 1
2.10188 -1.11791 -1.0001 0.00291047 0.0155041 13.6625 0.913563 -2212 10 1 0 1
1.47577 -0.901248 -0.9999 -0.612021 -1.32844 -12.4985 529.484 -2212 10 1 0 1
2.68774 4.52504 -1.0001 -0.226828 0.187811 13.6508 0.914516 -2212 11 1 0 1
1.58789 3.35217 -0.9999 1.95579 -1.58421 -12.4659 527.016 -2212 11 1 0 1
-1.04924 1.78306 -1.0001 -0.201674 0.341169 13.6241 0.914437 -2212 12 1 0 1
-1.94967 1.9013 -0.9999 -0.516453 -0.812858 -12.816 517.353 -2212 12 1 0 1
4.22316 1.79684 -1.0001 -0.299093 -0.360507 13.6556 0.912436 -2212 13 1 0 1
3.08438 1.5314 -0.9999 1.26834 -2.14451 -12.4706 527.04 -2212 13 1 0 1
3.72025 3.33939 -1.0001 0.348293 -0.0379952 13.6549 0.913871 -2212 14 1 0 1
4.60075 2.85574 -0.9999 1.48902 1.69495 -12.2862 535.564 -2212 14 1 0 1
-0.163023 -5.60356 -1.0001 -0.027781 0.035013 13.6711 0.914202 -2212 15 1 0 1
-0.930113 -4.67279 -0.9999 -1.73328 -1.83178 -12.3831 530.325 -2212 15 1 0 1
1.75636 2.40761 -1.0001 0.0408394 0.0386654 13.6257 0.91359 -2212 16 1 0 1
0.168014 2.56434 -0.9999 -0.327191 -1.33664 -12.5281 529.13 -2212 16 1 0 1
-1.06817 -4.55125 -1.0001 0.0108568 -0.050582 13.6914 0.912359 -2212 17 1 0 1
-1.53741 -3.37219 -0.9999 -2.07707 -0.992907 -12.3971 530.665 -2212 17 1 0 1
-0.07493 4.19033 -1.0001 0.114706 -0.1516 13.6697 0.913648 -2212 18 1 0 1
-1.58282 4.72434 -0.9999 -0.580886 -1.77468 -12.6787 520.624 -2212 18 1 0 1
1.64213 -3.71896 -1.0001 -0.0119976 -0.181381 13.658 0.913572 -2212 19 1 0 1
1.7863 -2.7534 -0.9999 -1.42646 -0.630653 -12.4837 529.682 -2212 19 1 0 1
-2.16915 2.43976 -1.0001 0.349677 0.0522833 13.6177 0.914021 -2212 20 1 0 1
-3.05916 1.49228 -0.9999 1.19946 -0.772929 -12.6277 523.935 -2212 20 1 0 1
1.79178 -1.64493 -1.0001 -0.0917884 -0.0117319 13.6528 0.914088 -2212 21 1 0 1
2.30456 -0.894482 -0.9999 -0.910926 0.444809 -12.6173 525.331 -2212 21 1 0 1
-1.58199 5.26773 -1.0001 -0.0157212 -0.0284594 13.6757 0.913598 -2212 22 1 0 1
-1.30046 4.0023 -0.9999 1.60901 1.38955 -12.4172 530.693 -2212 22 1 0 1
2.82914 1.12961 -1.0001 -0.16666 0.0496962 13.6494 0.91369 -2212 23 1 0 1
1.76146 1.54309 -0.9999 -0.305465 -1.31964 -12.518 528.736 -2212 23 1 0 1
-0.90712 1.72232 -1.0001 0.1624 0.0433309 13.6377 0.913093 -2212 24 1 0 1
-1.43451 1.25188 -0.9999 0.563302 -0.649594 -12.6002 526.234 -2212 24 1 0 1
-3.34947 0.831 -1.0001 -0.103376 -0.194393 13.6111 0.913918 -2212 25 1 0 1
-2.94434 -0.344299 -0.9999 1.18571 0.620727 -12.5483 527.541 -2212 25 1 0 1
2.36509 -1.88048 -1.0001 -0.0400314 -0.115175 13.651 0.91434 -2212 26 1 0 1
2.49111 0.0485657 -0.9999 -1.67094 0.69995 -12.5251 528.831 -2212 26 1 0 1
-1.98454 1.36208 -1.0001 0.07107 -0.0267348 13.6369 0.912805 -2212 27 1 0 1
-2.25158 0.529704 -0.9999 1.69959 0.299098 -12.5702 525.777 -2212 27 1 0 1
0.411526 -2.12278 -1.0001 -0.288409 -0.0975027 13.6693 0.913787 -2212 28 1 0 1
1.26024 -1.79613 -0.9999 -0.777023 0.681991 -12.6155 525.368 -2212 28 1 0 1
1.39193 -0.941609 -1.0001 -0.0779574 0.184971 13.675 0.912429 -2212 29 1 0 1
0.987446 -0.429571 -0.9999 -0.914844 -0.598326 -12.5228 529.098 -2212 29 1 0 1
-0.840372 -5.00162 -1.0001 0.0589324 0.00976065 13.6254 0.913776 -2212 30 1 0 1
-3.24645 -6.13937 -0.9999 1.03921 -3.13344 -12.2414 532.857 -2212 30 1 0 1
1.88834 3.63891 -1.0001 0.0904499 -0.102575 13.6193 0.914204 -2212 31 1 0 1
2.8277 4.13017 -0.9999 -0.621173 1.84268 -12.2471 538.536 -2212 31 1 0 1
-1.41381 1.78732 -1.0001 -0.0221432 -0.0102004 13.6163 0.914348 -2212 32 1 0 1
-1.52088 1.37869 -0.9999 0.70841 0.330384 -12.5133 530.863 -2212 32 1 0 1
0.0230078 1.11794 -1.0001 -0.100124 -0.140594 13.6546 0.913763 -2212 33 1 0 1
-0.735254 0.663513 -0.9999 -0.0890017 -1.05354 -12.5581 528.333 -2212 33 1 0 1
3.21714 3.61657 -1.0001 0.0436515 -0.111134 13.6069 0.916095 -2212 34 1 0 1
4.97219 3.17732 -0.9999 1.36433 2.17663 -12.3149 533.501 -2212 34 1 0 1
-1.77908 -4.00535 -1.0001 0.198415 -0.0882866 13.6437 0.915556 -2212 35 1 0 1
-3.2645 -4.04422 -0.9999 -0.0522195 -2.22895 -12.2901 535.809 -2212 35 1 0 1
-0.774687 0.025462 -1.0001 -0.00174618 -0.0187445 13.6882 0.914096 -2212 36 1 0 1
-0.797174 -0.875896 -0.9999 0.686378 0.404571 -12.698 522.526 -2212 36 1 0 1
-3.03065 -1.03562 -1.0001 -0.0863247 0.225752 13.6527 0.914277 -2212 37 1 0 1
-2.33601 -0.913864 -0.9999 -0.710507 1.12905 -12.4547 531.364 -2212 37 1 0 1
0.108067 0.0351336 -1.0001 0.0889745 0.00673199 13.6633 0.913769 -2212 38 1 0 1
0.0430379 -0.0882613 -0.9999 0.359683 0.3142 -12.3622 537.05 -2212 38 1 0 1
0.0289215 -2.93113 -1.0001 -0.0421582 0.0335188 13.6632 0.915155 -2212 39 1 0 1
0.686034 -3.31289 -0.9999 -0.457363 0.11806 -12.577 529.001 -2212 39 1 0 1
-2.90764 1.08774 -1.0001 0.0737347 0.0283039 13.6242 0.915162 -2212 40 1 0 1
-2.72928 1.95304 -0.9999 -1.90744 0.0917384 -12.2957 536.889 -2212 40 1 0 1
3.73525 -1.46844 -1.0001 0.840701 2.21211 13.4638 0.913512 -2212 41 1 0 1
4.9613 -2.02069 -0.9999 1.75514 3.3592 -12.1659 538.287 -2212 41 1 0 1
0.874198 0.891353 -1.0001 0.550946 -0.0454137 13.6039 0.914539 -2212 42 1 0 1
0.359985 1.22598 -0.9999 -0.110824 -0.442519 -12.5194 530.383 -2212 42 1 0 1
5.62304 3.3532 -1.0001 -0.0169582 0.082512 13.5699 0.913785 -2212 43 1 0 1
6.4497 2.9232 -0.9999 2.25996 0.986694 -12.3441 532.799 -2212 43 1 0 1
-3.22208 1.47079 -1.0001 -0.191925 -0.0982426 13.614 0.913414 -2212 44 1 0 1
-3.50346 0.413587 -0.9999 0.696918 -0.814899 -12.6276 525.26 -2212 44 1 0 1
0.387684 -1.59171 -1.0001 -0.154163 -0.307494 13.6012 0.914523 -2212 45 1 0 1
1.01477 -1.24314 -0.9999 -1.40172 0.235866 -12.5938 525.905 -2212 45 1 0 1
5.63444 2.36049 -1.0001 0.0826616 -0.117278 13.6444 0.912874 -2212 46 1 0 1
5.07821 1.1412 -0.9999 2.57861 -0.749045 -12.3721 530.136 -2212 46 1 0 1
2.25644 -0.798194 -1.0001 0.404627 0.119316 13.6332 0.91402 -2212 47 1 0 1
2.71611 -0.182344 -0.9999 -0.853121 0.683052 -12.6551 523.505 -2212 47 1 0 1
0.895085 -0.659206 -1.0001 0.163345 0.152345 13.6833 0.913278 -2212 48 1 0 1
1.18195 -0.490593 -0.9999 -0.410137 0.711862 -12.6314 525.035 -2212 48 1 0 1
-3.43361 -2.19976 -1.0001 0.0148365 0.0359772 13.647 0.913798 -2212 49 1 0 1
-3.31093 -1.49188 -0.9999 -1.75634 0.232063 -12.3972 532.589 -2212 49 1 0 1
6.3248 -0.165775 -1.0001 -0.0744613 -0.252576 13.6691 0.91273 -2212 50 1 0 1
8.73395 0.206017 -0.9999 -0.302531 3.02962 -12.1492 538.077 -2212 50 1 0 1
-0.0915468 0.233186 -1.0001 -0.0727435 -0.0423132 13.5785 0.914403 -2212 51 1 0 1
-0.00297582 0.690928 -0.9999 -0.224575 0.349459 -12.5282 530.119 -2212 51 1 0 1
-1.4306 4.39332 -1.0001 -0.338492 0.0321336 13.6126 0.915337 -2212 52 1 0 1
-2.35361 3.14902 -0.9999 1.59797 -0.950202 -12.5495 526.017 -2212 52 1 0 1
-3.03345 -1.57078 -1.0001 -0.021906 -0.215913 13.6308 0.915241 -2212 53 1 0 1
-3.70039 -0.892643 -0.9999 -1.34755 -1.52074 -12.2827 536.914 -2212 53 1 0 1
1.95749 -1.09837 -1.0001 0.0865227 -0.163813 13.69 0.913561 -2212 54 1 0 1
1.74922 -0.353107 -0.9999 -0.770168 -0.538537 -12.5107 529.885 -2212 54 1 0 1
2.99172 -1.83386 -1.0001 0.00424006 -0.0323152 13.6453 0.91405 -2212 55 1 0 1
2.68296 -0.72488 -0.9999 -1.66105 -0.783789 -12.5298 526.874 -2212 55 1 0 1
0.663375 2.45349 -1.0001 -0.335302 0.0983353 13.6651 0.913759 -2212 56 1 0 1
-0.291496 2.1377 -0.9999 0.221768 -1.271 -12.5579 527.344 -2212 56 1 0 1
4.77748 3.54418 -1.0001 6.19516e-05 -0.118663 13.614 0.915825 -2212 57 1 0 1
5.90611 3.37989 -0.9999 1.52626 1.73485 -12.2737 536.122 -2212 57 1 0 1
1.30844 -5.60948 -1.0001 0.171879 -0.17175 13.6488 0.913577 -2212 58 1 0 1
1.14784 -4.39332 -0.9999 -1.58661 -1.42667 -12.4063 531.242 -2212 58 1 0 1
1.46871 -0.290984 -1.0001 -0.11941 -0.130749 13.6865 0.913441 -2212 59 1 0 1
2.35096 0.213216 -0.9999 -0.669037 0.817444 -12.7286 520.709 -2212 59 1 0 1
-4.70489 2.82083 -1.0001 0.438216 -0.208303 13.6513 0.913691 -2212 60 1 0 1
-4.34089 4.88046 -0.9999 -2.83429 1.57639 -12.2986 530.471 -2212 60 1 0 1
-0.228569 -2.29662 -1.0001 -0.198728 0.123847 13.6419 0.914012 -2212 61 1 0 1
0.383793 -2.14215 -0.9999 -1.12787 0.34815 -12.5768 527.22 -2212 61 1 0 1
2.36572 -4.65727 -1.0001 0.0177966 0.0458173 13.6157 0.914252 -2212 62 1 0 1
1.36917 -4.15252 -0.9999 -0.570098 -2.19602 -12.3776 531.591 -2212 62 1 0 1
1.54329 -0.98999 -1.0001 -0.0933727 0.100502 13.675 0.913247 -2212 63 1 0 1
1.65671 -0.40052 -0.9999 -0.603634 -0.221799 -12.5288 530.195 -2212 63 1 0 1
1.77437 -2.72931 -1.0001 -0.0788295 0.0384192 13.6463 0.914708 -2212 64 1 0 1
1.78816 -1.54453 -0.9999 -1.58052 -0.121503 -12.5091 528.485 -2212 64 1 0 1
2.35484 -0.17389 -1.0001 -0.228269 -0.0797585 13.6104 0.914397 -2212 65 1 0 1
2.18049 -0.388084 -0.9999 0.323748 -0.912474 -12.4945 530.865 -2212 65 1 0 1
2.65652 0.533517 -1.0001 -0.0380168 -0.0197185 13.6894 0.913367 -2212 66 1 0 1
2.16642 1.34851 -0.9999 -0.611318 -0.767708 -12.5787 527.272 -2212 66 1 0 1
-0.725951 -0.474824 -1.0001 0.0873999 -0.00130354 13.6836 0.913317 -2212 67 1 0 1
-0.891157 -1.14174 -0.9999 0.851461 0.226482 -12.6798 522.914 -2212 67 1 0 1
1.42169 0.093135 -1.0001 0.00397972 -0.155837 13.6808 0.913115 -2212 68 1 0 1
0.600542 0.684937 -0.9999 -0.499842 -0.827328 -12.4907 530.955 -2212 68 1 0 1
4.46129 1.92258 -1.0001 0.302924 -0.0410572 13.6472 0.913372 -2212 69 1 0 1
5.35469 1.00242 -0.9999 1.89709 1.29112 -12.2928 535.159 -2212 69 1 0 1
0.179642 0.823701 -1.0001 -0.0581671 -0.092394 13.683 0.913359 -2212 70 1 0 1
-0.331141 0.218109 -0.9999 0.646406 -0.394438 -12.4761 531.894 -2212 70 1 0 1
1.95216 5.66025 -1.0001 0.371216 -0.353953 13.6115 0.913897 -2212 71 1 0 1
3.62059 6.85102 -0.9999 -1.12587 2.76475 -12.2341 534.481 -2212 71 1 0 1
-0.561599 0.7172 -1.0001 -0.00140958 -0.0165079 13.638 0.914745 -2212 72 1 0 1
-0.745096 0.388048 -0.9999 0.415078 -0.248204 -12.5888 527.912 -2212 72 1 0 1
0.905194 0.67353 -1.0001 -0.014578 0.0907796 13.683 0.913023 -2212 73 1 0 1
0.303141 1.1592 -0.9999 -0.448376 -0.243541 -12.8123 518.126 -2212 73 1 0 1
-1.12159 1.53159 -1.0001 -0.00700537 0.0391713 13.672 0.914219 -2212 74 1 0 1
-1.7594 1.26678 -0.9999 0.0399479 0.345251 -12.6211 527.022 -2212 74 1 0 1
0.978482 1.00073 -1.0001 0.0298973 0.0401915 13.6478 0.91499 -2212 75 1 0 1
0.458638 1.33649 -0.9999 0.295833 -1.22218 -12.5995 525.901 -2212 75 1 0 1
1.13748 0.375194 -1.0001 -0.0488214 -0.0712046 13.6293 0.913945 -2212 76 1 0 1
0.874527 0.994731 -0.9999 -0.327476 -0.669663 -12.6422 524.809 -2212 76 1 0 1
-1.4008 3.21672 -1.0001 -0.181283 0.104648 13.6818 0.913555 -2212 77 1 0 1
-1.46924 2.75393 -0.9999 1.27681 0.915076 -12.507 529.097 -2212 77 1 0 1
0.0790114 -1.75325 -1.0001 -0.110986 -0.102724 13.6159 0.913545 -2212 78 1 0 1
-0.137836 -0.989858 -0.9999 -0.96903 -0.443719 -12.4413 532.599 -2212 78 1 0 1
-4.36243 -0.0497242 -1.0001 0.0908572 0.0863205 13.6277 0.914633 -2212 79 1 0 1
-3.15291 0.528874 -0.9999 -1.11309 1.91335 -12.409 530.596 -2212 79 1 0 1
3.20091 -0.384594 -1.0001 -0.203739 0.00909842 13.6457 0.913377 -2212 80 1 0 1
2.56712 -1.31846 -0.9999 1.6311 -0.81246 -12.3537 534.438 -2212 80 1 0 1
-3.26363 2.81065 -1.0001 -0.0966925 0.0252064 13.671 0.91329 -2212 81 1 0 1
-3.97356 1.35827 -0.9999 1.44985 -0.458502 -12.6161 524.456 -2212 81 1 0 1
-0.558981 -1.83107 -1.0001 0.0630055 0.0406827 13.6761 0.913219 -2212 82 1 0 1
0.305805 -1.3257 -0.9999 -0.593589 0.839762 -12.5051 530.172 -2212 82 1 0 1
-0.663825 -0.40167 -1.0001 0.19737 -0.436574 13.6174 0.914407 -2212 83 1 0 1
-0.256118 -0.018084 -0.9999 -0.237875 0.780532 -12.5254 529.646 -2212 83 1 0 1
3.69295 1.63047 -1.0001 0.044449 0.0476185 13.6921 0.91352 -2212 84 1 0 1
4.90333 1.93809 -0.9999 0.231542 2.24225 -12.2099 539.157 -2212 84 1 0 1
-3.81741 2.49249 -1.0001 0.129755 -0.0685639 13.6726 0.913759 -2212 85 1 0 1
-3.28959 1.56423 -0.9999 0.760536 1.59311 -12.465 529.819 -2212 85 1 0 1
-2.33793 1.21283 -1.0001 -0.0602875 -0.0922929 13.6912 0.912542 -2212 86 1 0 1
-2.71399 0.347561 -0.9999 0.529467 0.0890746 -12.575 528.107 -2212 86 1 0 1
-3.40734 3.31119 -1.0001 0.0963935 -0.037778 13.6607 0.913781 -2212 87 1 0 1
-2.64201 2.40176 -0.9999 1.30369 1.97295 -12.4621 527.748 -2212 87 1 0 1
1.18139 -2.66299 -1.0001 0.262024 0.101206 13.662 0.913373 -2212 88 1 0 1
0.223216 -2.81268 -0.9999 0.41218 -1.40963 -12.3596 535.426 -2212 88 1 0 1
-0.869215 0.847645 -1.0001 -0.0870864 0.00288938 13.6401 0.914332 -2212 89 1 0 1
-0.935584 0.435514 -0.9999 0.516792 0.0879485 -12.5379 530.173 -2212 89 1 0 1
1.48311 4.13937 -1.0001 -0.19968 0.0261356 13.6678 0.912364 -2212 90 1 0 1
1.2895 3.38733 -0.9999 1.93653 0.171848 -12.4507 529.856 -2212 90 1 0 1
5.38006 -2.67733 -1.0001 0.099254 0.0374878 13.6752 0.914142 -2212 91 1 0 1
4.50677 -1.29404 -0.9999 -0.962995 -1.90893 -12.4794 528.187 -2212 91 1 0 1
-2.04027 2.50079 -1.0001 -0.000705727 -0.078494 13.6451 0.914396 -2212 92 1 0 1
-2.12925 1.52875 -0.9999 1.58985 0.504188 -12.5338 527.21 -2212 92 1 0 1
-2.32519 -0.383937 -1.0001 0.0343143 -0.024717 13.6544 0.913604 -2212 93 1 0 1
-1.99391 -1.43785 -0.9999 0.66461 0.419176 -12.6713 523.627 -2212 93 1 0 1
2.43702 2.86622 -1.0001 -0.0535384 -0.0730548 13.6239 0.914482 -2212 94 1 0 1
1.39637 2.5635 -0.9999 1.13634 -1.52559 -12.5117 527.406 -2212 94 1 0 1
-0.818473 -10.5836 -1.0001 -0.0148305 -0.0887161 13.5982 0.914708 -2212 95 1 0 1
-0.522232 -5.39002 -1.0001 0.103277 0.00105847 13.6182 0.91506 -2212 96 1 0 1
-1.12107 -6.6938 -0.9999 1.74717 -2.04837 -12.2036 537.559 -2212 96 1 0 1
-1.62935 0.55486 -1.0001 -0.0251911 0.0122958 13.6494 0.914467 -2212 97 1 0 1
-1.26125 1.0157 -0.9999 -0.346014 0.702809 -12.4673 532.344 -2212 97 1 0 1
-1.2689 -1.41839 -1.0001 -0.106749 0.148977 13.6411 0.914635 -2212 98 1 0 1
-1.74309 -1.69039 -0.9999 -0.0129432 -2.57568 -12.2647 538.279 -2212 98 1 0 1
0.424496 -3.46734 -1.0001 0.0657959 -0.0332632 13.6389 0.912951 -2212 99 1 0 1
0.288603 -2.56548 -0.9999 -2.28014 -0.515276 -12.4763 527.568 -2212 99 1 0 1
-0.893346 -1.95671 -1.0001 -0.126274 -0.223433 13.6342 0.914541 -2212 100 1 0 1
0.0850596 -2.27636 -0.9999 -0.203118 1.05563 -12.633 524.701 -2212 100 1 0 1
